815
892
717
856
761
514
852
266
516
870
403
455
836
549
739
297
509
568
659
287
517
29
224
603
899
280
454
379
116
245
646
159
115
179
367
730
218
743
613
682
172
240
117
177
680
265
38
579
181
24
981
928
906
472
83
266
27
839
656
543
558
908
57
370
180
75
361
375
772
355
473
925
754
436
262
489
782
586
800
480
985
104
97
154
603
529
935
397
274
450
816
319
690
760
145
86
805
927
517
605
504
458
459
258
576
361
818
349
118
101
613
594
622
996
976
456
47
262
784
503
683
793
382
910
804
368
694
475
219
398
661
830
825
687
861
664
826
22
135
519
523
665
187
40
948
779
583
909
735
944
173
406
107
336
379
28
460
203
552
987
764
431
546
922
614
978
792
769
55
455
97
624
993
62
748
533
428
350
679
225
757
754
133
666
677
718
386
598
641
93
263
522
895
957
583
338
363
136
221
110
722
928
910
498
115
466
201
920
671
449
140
553
911
147
507
694
75
434
774
292
895
143
273
724
168
618
336
874
626
352
305
19
71
238
842
156
479
364
131
715
113
717
728
690
843
865
147
48
419
304
528
585
513
731
430
410
954
575
650
98
814
43
551
831
52
796
951
452
849
488
912
219
767
375
347
783
951
318
394
653
318
581
934
567
730
573
6
461
376
979
643
662
780
416
705
694
196
28
136
286
394
247
747
262
28
691
911
417
7
444
20
618
438
139
357
785
876
260
887
184
338
993
649
838
752
798
179
267
19
245
819
257
278
240
640
772
699
206
349
348
779
552
215
36
840
963
103
241
860
325
649
657
294
823
739
260
617
682
781
832
15
2
862
403
978
152
269
303
350
187
660
982
114
230
77
361
76
988
428
482
428
274
817
957
285
812
179
693
835
111
602
520
621
384
725
433
176
960
523
90
618
260
929
844
868
567
50
520
174
330
82
922
934
325
981
477
819
640
360
377
569
923
830
543
150
630
305
215
284
286
582
486
739
189
325
968
492
836
323
158
292
664
531
607
509
654
693
394
325
430
62
675
276
978
556
957
981
954
125
307
368
354
648
371
514
716
355
252
288
691
303
633
510
722
820
452
215
773
783
241
184
328
47
737
405
718
293
550
433
268
428
887
961
741
929
720
866
171
404
569
624
402
517
78
145
380
795
83
451
885
3
811
632
278
822
882
841
569
541
73
118
374
740
624
337
823
696
501
237
838
251
665
858
187
786
259
339
565
319
104
614
193
752
384
703
322
857
22
637
434
746
710
115
542
380
39
781
828
835
865
427
107
939
948
46
998
156
958
182
747
3
682
953
446
697
236
243
893
216
45
463
925
451
971
17
41
132
646
23
900
706
165
987
605
795
669
254
112
486
892
774
718
117
543
276
93
342
330
346
120
579
906
662
964
340
18
809
488
510
498
944
94
660
333
669
807
566
229
17
296
986
402
507
266
24
297
539
828
985
603
153
731
224
231
698
900
914
825
639
730
984
607
667
898
944
235
275
874
752
73
906
475
179
682
904
344
244
332
225
888
239
574
369
612
692
266
494
403
49
246
639
707
825
407
736
616
247
536
468
55
240
13
92
239
694
712
942
256
530
841
251
780
987
316
513
16
366
232
807
252
681
173
60
173
427
913
662
495
680
519
578
900
395
848
30
594
475
194
577
920
85
104
560
952
141
722
972
180
272
736
531
87
805
610
449
236
681
299
403
575
689
90
983
254
941
313
553
289
96
118
880
458
389
400
159
745
681
551
987
442
266
841
719
17
160
657
461
329
895
287
727
521
348
397
846
532
183
576
115
332
806
48
438
239
899
800
920
265
210
774
171
127
627
924
949
745
487
995
538
12
313
238
841
408
392
967
133
923
197
840
20
675
319
955
314
767
243
424
173
961
509
264
412
850
451
239
226
975
22
957
435
983
165
120
10
416
159
264
747
761
432
987
745
544
813
683
659
844
533
511
817
635
451
915
732
241
517
983
419
44
858
420
586
74
169
404
869
589
413
230
55
227
12
872
78
409
27
980
265
301
183
563
246
694
904
499
217
23
448
424
607
254
641
881
362
571
97
954
312
429
521
198
295
593
404
568
243
745
120
771
30
277
139
572
909
733
392
721
396
859
419
156
394
826
854
234
949
626
744
466
8
1
217
674
548
823
75
567
286
396
829
863
840
65
666
328
340
331
129
534
553
148
347
855
862
801
948
429
142
88
96
601
842
239
781
151
853
231
247
652
199
122
998
765
724
844
697
657
500
163
523
318
320
149
692
490
879
737
535
704